 <pre>

 Contingency table for Cloud base (m)
 Selection: ALL    644 stations
Period: 20220816-20220831
Used {00,03,...,21} + 00 01 ... 09
 Limits    70.0000000       150.000000       300.000000       600.000000       1000.00000       1500.00000       2500.00000       5000.00000    
 Each class is data <= limit, the very last > last limit
 Total number of values      452405
                                                       OBSERVATION
                                   2235      909      565      196      143       60       62      116      645 |      4931
                                    737     1040     1058      330       89       67       49       54      119 |      3543
                                    719     1929     3753     1797      430      181      158      138      241 |      9346
                                    543     1599     5900     8368     2797      805      399      318      502 |     21231
                     MNWC_prod      562     1036     3743     9949    11889     3713     1297      867     2102 |     35158
                                    567      932     2494     4923     9944    13025     4537     2147     3926 |     42495
                                    641     1161     2408     3645     4936     8308    13064     5527     7096 |     46786
                                    700     1265     2891     3571     5451     3583     5576    18111     4958 |     46106
                                   4986     3290     6900    12854    20019    21597    21077    28294   123792 |    242809

                    SUM           11690    13161    29712    45633    55698    51339    46219    55572   143381 |    452405
                                                       OBSERVATION
                                   1859      517      380      175      124       25       55       62      654 |      3851
                                    584      741      689      227       76       45       49       33       75 |      2519
                                    571     1526     2651     1335      370      154      100       82      128 |      6917
                                    451     1423     5404     6958     2400      705      353      329      401 |     18424
                  MNWC_3h_cycl      485     1068     3531     9311    10754     3787     1267      870     1661 |     32734
                                    480      876     2498     4715     9571    12584     4586     2041     3501 |     40852
                                    810     1177     2686     3799     4996     8378    12248     5209     7093 |     46396
                                    811     1558     3303     4198     5811     3996     5958    17135     4716 |     47486
                                   5639     4275     8570    14915    21596    21665    21603    29811   125152 |    253226

                    SUM           11690    13161    29712    45633    55698    51339    46219    55572   143381 |    452405

