 <pre>

 Contingency table for clouds <7500m (octas)
 Selection: ALL    203 stations
Period: 20220816-20220831
Used {00,03,...,21} + 00 01 ... 09
 Limits    1.00000000       2.00000000       3.00000000       4.00000000       5.00000000       6.00000000       7.00000000    
 Each class is data <= limit, the very last > last limit
 Total number of values      198007
                                              OBSERVATION
                                  45883     4033     4011     2855     3253     2479     6116     8612 |     77242
                                   3022      590      790      604      874      693     2165     2498 |     11236
                                   2213      476      672      528      754      549     2068     2238 |      9498
                     MNWC_prod     1917      503      712      529      818      632     2391     2514 |     10016
                                   1551      404      669      459      812      630     2565     2833 |      9923
                                   1423      389      609      497      853      679     3105     3583 |     11138
                                   1827      501      735      636     1278      931     4741     6512 |     17161
                                   2658      867     1392     1003     2314     1865    13334    28360 |     51793

                    SUM           60494     7763     9590     7111    10956     8458    36485    57150 |    198007
                                              OBSERVATION
                                  45754     4059     4120     2875     3361     2586     6688    10021 |     79464
                                   3136      648      786      649      923      653     2212     2780 |     11787
                                   2165      466      652      512      729      654     2108     2262 |      9548
                  MNWC_3h_cycl     1935      495      692      511      824      603     2254     2507 |      9821
                                   1622      426      586      473      766      592     2443     2807 |      9715
                                   1435      388      596      514      850      625     2778     3455 |     10641
                                   1741      476      795      562     1132      889     4690     6104 |     16389
                                   2706      805     1363     1015     2371     1856    13312    27214 |     50642

                    SUM           60494     7763     9590     7111    10956     8458    36485    57150 |    198007

