 <pre>

 Contingency table for Cloud cover (octas)
 Selection: ALL    405 stations
Period: 20220816-20220831
Used {00,03,...,21} + 00 01 ... 09
 Limits   0.500000000       1.50000000       2.50000000       3.50000000       4.50000000       5.50000000       6.50000000       7.50000000    
 Each class is data <= limit, the very last > last limit
 Total number of values      311985
                                                       OBSERVATION
                                  32926     8006     7271     3657     1985     2352     2152     2055     2977 |     63381
                                   8182     2479     2544     1998     1389     1606     1866     2043     3153 |     25260
                                   4353     1477     1455     1208      838     1167     1347     1662     2759 |     16266
                                   3091     1044     1132      922      741      999     1286     1644     2840 |     13699
                     MNWC_prod     2828     1021     1048      931      722     1100     1403     1833     3062 |     13948
                                   2565      966     1102     1019      825     1250     1540     2112     3822 |     15201
                                   2887     1049     1169     1118      975     1474     2093     2981     5347 |     19093
                                   3416     1240     1523     1550     1254     2004     3050     4952     9446 |     28435
                                   5973     2763     2536     3100     2574     4894     8924    22882    63056 |    116702

                    SUM           66221    20045    19780    15503    11303    16846    23661    42164    96462 |    311985
                                                       OBSERVATION
                                  34322     8317     7591     3899     2220     2611     2322     2301     3458 |     67041
                                   8234     2599     2628     2034     1354     1694     1857     2194     3571 |     26165
                                   4177     1417     1447     1167      861     1219     1452     1752     2962 |     16454
                                   3044     1053     1103      976      773     1018     1402     1684     2960 |     14013
                  MNWC_3h_cycl     2718      948     1095      947      700     1074     1314     1942     3319 |     14057
                                   2568      917     1042      946      839     1158     1623     2285     3893 |     15271
                                   2627     1011     1130     1078      916     1421     2068     2989     5521 |     18761
                                   3259     1235     1385     1516     1233     2008     3038     5075     9875 |     28624
                                   5272     2548     2359     2940     2407     4643     8585    21942    60903 |    111599

                    SUM           66221    20045    19780    15503    11303    16846    23661    42164    96462 |    311985

