 <pre>

 Contingency table for Low clouds (octas)
 Selection: ALL    625 stations
Period: 20220816-20220831
Used {00,03,...,21} + 00 01 ... 09
 Limits    1.00000000       2.00000000       3.00000000       4.00000000       5.00000000       6.00000000       7.00000000    
 Each class is data <= limit, the very last > last limit
 Total number of values      477050
                                              OBSERVATION
                                 203475    16040    11780     7930     7551     6474    10304    16999 |    280553
                                   8635     1864     1712     1257     1348     1310     2385     3830 |     22341
                                   5536     1290     1300     1026     1008      959     1827     2932 |     15878
                     MNWC_prod     4766     1188     1218      914      936      898     1743     2613 |     14276
                                   4351     1271     1334      955     1082      988     1856     2866 |     14703
                                   4252     1326     1436     1126     1252     1185     2304     3566 |     16447
                                   5028     1701     1828     1462     1697     1691     3649     5861 |     22917
                                  10567     4902     5378     4741     5445     6159    16025    36718 |     89935

                    SUM          246610    29582    25986    19411    20319    19664    40093    75385 |    477050
                                              OBSERVATION
                                 206111    16865    12510     8586     8330     7200    12113    21151 |    292866
                                   8367     1744     1756     1277     1288     1245     2412     4111 |     22200
                                   5223     1196     1247      973      945      961     1744     2914 |     15203
                  MNWC_3h_cycl     4546     1175     1174      918      898      863     1713     2707 |     13994
                                   4058     1187     1243      944     1050      929     1815     2975 |     14201
                                   4000     1318     1377     1051     1197     1089     2092     3483 |     15607
                                   4811     1608     1759     1358     1548     1526     3405     5719 |     21734
                                   9494     4489     4920     4304     5063     5851    14799    32325 |     81245

                    SUM          246610    29582    25986    19411    20319    19664    40093    75385 |    477050

